description="Au_polymer.xyz"  
#******** REAL SPACE GRID ********   
wavefunction_grid="104 192 160"  
potential_grid_refinement="2"  
  
#******* CONTROL OPTIONS *******  
start_mode          ="LCAO Start"  
start_mode          ="Restart From File"  
STM_bias = "-1.0  -0.5  0.5  1.0"
STM_height = "1.5  4.0"
calculation_mode    ="Relax Structure"  
calculation_mode    ="Quench Electrons  "  
calculation_mode    ="STM"
#kohn_sham_solver    ="multigrid"  
kohn_sham_solver    ="davidson"  
subdiag_driver      ="auto"  
#auto: if cuda available, use cusolver, otherwise use lapack for n<128 and scaplack for large system  
unoccupied_states_per_kpoint = "100"
charge_mixing_type = "Broyden"
charge_broyden_scale = "0.10000000"
charge_density_mixing = "0.10000000"
max_scf_steps = "40"
max_md_steps = "20"


  
#********* K POINT SETUP *********  
kpoint_mesh = "1 1 1"  
kpoint_shift = "0 0 0"  
  
#use Optimized Norm-Conserving Vanderbilt (ONCV) pseudopotenitals  
#those pseudopotentials are built in with RMG  
write_pseudopotential_plots ="False"  
  
#*****Exchange Correlation ******  
exchange_correlation_type = "vdw-df"

#AUTO_XC: XC will be determined from pseudopotential  
  
#****  LATTICE and ATOMS  ****   
bravais_lattice_type="None"  
crds_units = "Angstrom"  
lattice_units = "Angstrom"  
lattice_vector="  
 1.687840489000e+01  0.000000000000e+00  0.000000000000e+00   
 0.000000000000e+00  3.141906580000e+01  0.000000000000e+00   
 0.000000000000e+00  0.000000000000e+00  2.649608373000e+01   
"  
atomic_coordinate_type = "Absolute"  
atoms="  
C      0.7380     16.9981     12.7046       1 1 1   0.00   0.00   0.00  
C      1.4925     18.1720     12.8529       1 1 1   0.00   0.00   0.00  
C      2.8507     18.1475     12.6493       1 1 1   0.00   0.00   0.00  
C      3.5199     16.9738     12.2713       1 1 1   0.00   0.00   0.00  
C      2.8085     15.7558     12.2090       1 1 1   0.00   0.00   0.00  
C      1.4260     15.8188     12.4522       1 1 1   0.00   0.00   0.00  
C      4.9299     16.9847     11.9815      1 1 1   0.00   0.00   0.00  
C      5.5909     18.1669     11.6234      1 1 1   0.00   0.00   0.00  
C      6.9504     18.1961     11.4201      1 1 1   0.00   0.00   0.00  
C      7.7043     17.0227     11.5667      1 1 1   0.00   0.00   0.00  
C      7.0328     15.8373     11.8239      1 1 1   0.00   0.00   0.00  
C      5.6518     15.7738     12.0461      1 1 1   0.00   0.00   0.00  
C      4.9442     14.5062     12.2238      1 1 1   0.00   0.00   0.00  
C      3.5395     14.4931     12.0103       1 1 1   0.00   0.00   0.00  
C      5.5985     13.2826     12.5426      1 1 1   0.00   0.00   0.00  
C      4.9256     12.0677     12.3996      1 1 1   0.00   0.00   0.00  
C      3.6066     12.0420     11.9078       1 1 1   0.00   0.00   0.00  
C      2.9118     13.2469     11.7195       1 1 1   0.00   0.00   0.00  
C      6.9531     13.2436     13.1503      1 1 1   0.00   0.00   0.00  
C      8.0217     12.5104     12.6253      1 1 1   0.00   0.00   0.00  
C      9.2536     12.4771     13.2667      1 1 1   0.00   0.00   0.00  
C      9.4465     13.1797     14.4532      1 1 1   0.00   0.00   0.00  
C      8.3974     13.8981     15.0130      1 1 1   0.00   0.00   0.00  
C      7.1799     13.9026     14.3574      1 1 1   0.00   0.00   0.00  
C      5.5792     10.7803     12.7485      1 1 1   0.00   0.00   0.00  
C      5.8179     10.4604     14.0861      1 1 1   0.00   0.00   0.00  
C      6.3609      9.2298     14.4309      1 1 1   0.00   0.00   0.00  
C      6.6774      8.3054     13.4407      1 1 1   0.00   0.00   0.00  
C      6.4438      8.6154     12.1048      1 1 1   0.00   0.00   0.00  
C      5.8958      9.8445     11.7622      1 1 1   0.00   0.00   0.00  
C      2.9637     10.7505     11.5867       1 1 1   0.00   0.00   0.00  
C      2.8707      9.6774     12.4815       1 1 1   0.00   0.00   0.00  
C      2.2356      8.4909     12.1295       1 1 1   0.00   0.00   0.00  
C      1.6179      8.3667     10.8942       1 1 1   0.00   0.00   0.00  
C      1.6417      9.4585     10.0494       1 1 1   0.00   0.00   0.00  
C      2.3380     10.6138     10.3571       1 1 1   0.00   0.00   0.00  
C      1.5491     13.2346     11.1521       1 1 1   0.00   0.00   0.00  
C      1.2264     14.1591     10.1564       1 1 1   0.00   0.00   0.00  
C     16.7755     14.4006      9.8295       1 1 1   0.00   0.00   0.00  
C     15.7540     13.5542     10.2474      1 1 1   0.00   0.00   0.00  
C     16.0681     12.5346     11.1318      1 1 1   0.00   0.00   0.00  
C      0.4762     12.4845     11.6448       1 1 1   0.00   0.00   0.00  
C     15.3823     15.8296     12.7950      1 1 1   0.00   0.00   0.00  
C     14.0260     15.8611     12.5805      1 1 1   0.00   0.00   0.00  
C     15.4515     18.1968     12.4995      1 1 1   0.00   0.00   0.00  
C     16.1386     17.0084     12.7026      1 1 1   0.00   0.00   0.00  
C     14.0735     18.2650     12.2354      1 1 1   0.00   0.00   0.00  
C     13.3487     19.5315     12.0588      1 1 1   0.00   0.00   0.00  
C     11.9470     19.5223     12.2695      1 1 1   0.00   0.00   0.00  
C     13.9820     20.7778     11.7863      1 1 1   0.00   0.00   0.00  
C     13.2953     21.9804     11.9827      1 1 1   0.00   0.00   0.00  
C     11.9835     21.9594     12.4895      1 1 1   0.00   0.00   0.00  
C     11.3046     20.7443     12.6164      1 1 1   0.00   0.00   0.00  
C     15.3388     20.7890     11.2144      1 1 1   0.00   0.00   0.00  
C     15.6784     19.8464     10.2494      1 1 1   0.00   0.00   0.00  
C      0.1238     19.6611      9.8696      1 1 1   0.00   0.00   0.00  
C      1.1283     20.5392     10.2840       1 1 1   0.00   0.00   0.00  
C      0.8046     21.5472     11.1665       1 1 1   0.00   0.00   0.00  
C     16.3987     21.5633     11.6833      1 1 1   0.00   0.00   0.00  
C      9.9591     20.7712     13.2368      1 1 1   0.00   0.00   0.00  
C      9.7238     20.0513     14.4070      1 1 1   0.00   0.00   0.00  
C      8.5159     20.0626     15.0762      1 1 1   0.00   0.00   0.00  
C      7.4761     20.8259     14.5600      1 1 1   0.00   0.00   0.00  
C      7.6693     21.5636     13.3954      1 1 1   0.00   0.00   0.00  
C      8.8974     21.5387     12.7477      1 1 1   0.00   0.00   0.00  
C     13.9238     23.2816     11.6535      1 1 1   0.00   0.00   0.00  
C     14.2554     23.5510     10.3417      1 1 1   0.00   0.00   0.00  
C     14.8743     24.7438     10.0135      1 1 1   0.00   0.00   0.00  
C     15.1739     25.7112     10.9481      1 1 1   0.00   0.00   0.00  
C     14.8307     25.4574     12.2670      1 1 1   0.00   0.00   0.00  
C     14.2166     24.2599     12.6108      1 1 1   0.00   0.00   0.00  
C     11.3541     23.2490     12.8746      1 1 1   0.00   0.00   0.00  
C     11.1192     23.5335     14.2197      1 1 1   0.00   0.00   0.00  
C     10.5678     24.7505     14.5977      1 1 1   0.00   0.00   0.00  
C     10.2413     25.6987     13.6326      1 1 1   0.00   0.00   0.00  
C     10.4774     25.4267     12.2888      1 1 1   0.00   0.00   0.00  
C     11.0345     24.2113     11.9137      1 1 1   0.00   0.00   0.00  
C     13.3606     17.0483     12.2411      1 1 1   0.00   0.00   0.00  
C     11.9526     17.0535     11.9436      1 1 1   0.00   0.00   0.00  
C     11.2337     18.2634     12.0540      1 1 1   0.00   0.00   0.00  
C     11.2881     15.8860     11.5445      1 1 1   0.00   0.00   0.00  
C      9.9257     15.8659     11.3592      1 1 1   0.00   0.00   0.00  
C      9.8515     18.2108     11.8390      1 1 1   0.00   0.00   0.00  
C      9.1751     17.0342     11.5547      1 1 1   0.00   0.00   0.00  
H      1.0197     19.1036     13.1385       1 1 1   0.00   0.00   0.00  
H      3.4245     19.0530     12.8097       1 1 1   0.00   0.00   0.00  
H      0.8521     14.9107     12.4287       1 1 1   0.00   0.00   0.00  
H      5.0181     19.0751     11.4784      1 1 1   0.00   0.00   0.00  
H      7.4238     19.1299     11.1415      1 1 1   0.00   0.00   0.00  
H      7.6116     14.9319     11.8741      1 1 1   0.00   0.00   0.00  
H      7.8747     11.9675     11.6982      1 1 1   0.00   0.00   0.00  
H     10.0653     11.9005     12.8377      1 1 1   0.00   0.00   0.00  
H     10.4113     13.1659     14.9494      1 1 1   0.00   0.00   0.00  
H      8.5047     14.4467     15.9424      1 1 1   0.00   0.00   0.00  
F      6.1511     14.5742     14.9143      1 1 1   0.00   0.00   0.00  
H      5.5525     11.1751     14.8580      1 1 1   0.00   0.00   0.00  
H      6.5339      8.9928     15.4757      1 1 1   0.00   0.00   0.00  
H      7.1055      7.3469     13.7121      1 1 1   0.00   0.00   0.00  
H      6.6769      7.8960     11.3261      1 1 1   0.00   0.00   0.00  
H      5.6990     10.0780     10.7185      1 1 1   0.00   0.00   0.00  
H      3.2919      9.7735     13.4737       1 1 1   0.00   0.00   0.00  
H      2.1987      7.6745     12.8404       1 1 1   0.00   0.00   0.00  
H      1.1065      7.4644     10.5715       1 1 1   0.00   0.00   0.00  
H      1.0529      9.4290      9.1346       1 1 1   0.00   0.00   0.00  
H      2.3465     11.4511      9.6663       1 1 1   0.00   0.00   0.00  
H      1.9954     14.8464      9.8205       1 1 1   0.00   0.00   0.00  
H     16.5040     15.3629      9.3846       1 1 1   0.00   0.00   0.00  
H     14.7194     13.7876     10.0180      1 1 1   0.00   0.00   0.00  
H     15.3052     11.8725     11.5189      1 1 1   0.00   0.00   0.00  
F      0.6543     11.7681     12.7619       1 1 1   0.00   0.00   0.00  
H     15.8517     14.8902     13.0593      1 1 1   0.00   0.00   0.00  
H     13.4500     14.9511     12.7023      1 1 1   0.00   0.00   0.00  
H     16.0210     19.1077     12.5312      1 1 1   0.00   0.00   0.00  
H     14.9136     19.1587      9.9044      1 1 1   0.00   0.00   0.00  
H      0.3900     18.7144      9.4007       1 1 1   0.00   0.00   0.00  
H      2.1508     20.3832      9.9597       1 1 1   0.00   0.00   0.00  
H      1.5418     22.2395     11.5501       1 1 1   0.00   0.00   0.00  
F     16.2220     22.2809     12.7900      1 1 1   0.00   0.00   0.00  
F     10.7252     19.3000     14.9136      1 1 1   0.00   0.00   0.00  
H      8.4110     19.4748     15.9805      1 1 1   0.00   0.00   0.00  
H      6.5185     20.8407     15.0683      1 1 1   0.00   0.00   0.00  
H      6.8615     22.1597     12.9876      1 1 1   0.00   0.00   0.00  
H      9.0470     22.1130     11.8404      1 1 1   0.00   0.00   0.00  
H     14.0273     22.8054      9.5857      1 1 1   0.00   0.00   0.00  
H     15.1624     24.9476      8.9852      1 1 1   0.00   0.00   0.00  
H     15.6545     26.6352     10.6483      1 1 1   0.00   0.00   0.00  
H     15.0524     26.1923     13.0328      1 1 1   0.00   0.00   0.00  
H     13.9703     24.0687     13.6475      1 1 1   0.00   0.00   0.00  
H     11.3754     22.7917     14.9693      1 1 1   0.00   0.00   0.00  
H     10.3916     24.9559     15.6489      1 1 1   0.00   0.00   0.00  
H      9.8047     26.6462     13.9264      1 1 1   0.00   0.00   0.00  
H     10.2309     26.1625     11.5297      1 1 1   0.00   0.00   0.00  
H     11.2307     24.0066     10.8654      1 1 1   0.00   0.00   0.00  
H     11.8592     14.9830     11.3596      1 1 1   0.00   0.00   0.00  
H      9.4463     14.9433     11.0564      1 1 1   0.00   0.00   0.00  
H      9.2769     19.1169     11.9210      1 1 1   0.00   0.00   0.00  
Au     0.0000      0.0000      0.2432       0 0 0   0.00   0.00   0.00  
Au     1.4065      2.6183      0.2432       0 0 0   0.00   0.00   0.00  
Au     2.8131      0.0000      0.2432       0 0 0   0.00   0.00   0.00  
Au     4.2196      2.6183      0.2432       0 0 0   0.00   0.00   0.00  
Au     2.8131      5.2365      0.2432       0 0 0   0.00   0.00   0.00  
Au     4.2196      7.8548      0.2432       0 0 0   0.00   0.00   0.00  
Au     5.6261      5.2365      0.2432       0 0 0   0.00   0.00   0.00  
Au     7.0327      7.8548      0.2432       0 0 0   0.00   0.00   0.00  
Au     5.6261     10.4730      0.2432       0 0 0   0.00   0.00   0.00  
Au     7.0327     13.0913      0.2432       0 0 0   0.00   0.00   0.00  
Au     8.4392     10.4730      0.2432       0 0 0   0.00   0.00   0.00  
Au     9.8457     13.0913      0.2432       0 0 0   0.00   0.00   0.00  
Au     8.4392     15.7095      0.2432       0 0 0   0.00   0.00   0.00  
Au     9.8457     18.3278      0.2432       0 0 0   0.00   0.00   0.00  
Au    11.2523     15.7095      0.2432       0 0 0   0.00   0.00   0.00  
Au    12.6588     18.3278      0.2432       0 0 0   0.00   0.00   0.00  
Au    11.2523     20.9460      0.2432       0 0 0   0.00   0.00   0.00  
Au    12.6588     23.5643      0.2432       0 0 0   0.00   0.00   0.00  
Au    14.0653     20.9460      0.2432       0 0 0   0.00   0.00   0.00  
Au    15.4719     23.5643      0.2432       0 0 0   0.00   0.00   0.00  
Au    14.0653     26.1826      0.2432       0 0 0   0.00   0.00   0.00  
Au    15.4719     28.8008      0.2432       0 0 0   0.00   0.00   0.00  
Au     0.0000     26.1826      0.2432       0 0 0   0.00   0.00   0.00  
Au     1.4065     28.8008      0.2432       0 0 0   0.00   0.00   0.00  
Au     5.6261      0.0000      0.2432       0 0 0   0.00   0.00   0.00  
Au     7.0327      2.6183      0.2432       0 0 0   0.00   0.00   0.00  
Au     8.4392      0.0000      0.2432       0 0 0   0.00   0.00   0.00  
Au     9.8457      2.6183      0.2432       0 0 0   0.00   0.00   0.00  
Au     8.4392      5.2365      0.2432       0 0 0   0.00   0.00   0.00  
Au     9.8457      7.8548      0.2432       0 0 0   0.00   0.00   0.00  
Au    11.2523      5.2365      0.2432       0 0 0   0.00   0.00   0.00  
Au    12.6588      7.8548      0.2432       0 0 0   0.00   0.00   0.00  
Au    11.2523     10.4730      0.2432       0 0 0   0.00   0.00   0.00  
Au    12.6588     13.0913      0.2432       0 0 0   0.00   0.00   0.00  
Au    14.0653     10.4730      0.2432       0 0 0   0.00   0.00   0.00  
Au    15.4719     13.0913      0.2432       0 0 0   0.00   0.00   0.00  
Au    14.0653     15.7095      0.2432       0 0 0   0.00   0.00   0.00  
Au    15.4719     18.3278      0.2432       0 0 0   0.00   0.00   0.00  
Au     0.0000     15.7095      0.2432       0 0 0   0.00   0.00   0.00  
Au     1.4065     18.3278      0.2432       0 0 0   0.00   0.00   0.00  
Au     0.0000     20.9460      0.2432       0 0 0   0.00   0.00   0.00  
Au     1.4065     23.5643      0.2432       0 0 0   0.00   0.00   0.00  
Au     2.8131     20.9460      0.2432       0 0 0   0.00   0.00   0.00  
Au     4.2196     23.5643      0.2432       0 0 0   0.00   0.00   0.00  
Au     2.8131     26.1826      0.2432       0 0 0   0.00   0.00   0.00  
Au     4.2196     28.8008      0.2432       0 0 0   0.00   0.00   0.00  
Au     5.6261     26.1826      0.2432       0 0 0   0.00   0.00   0.00  
Au     7.0327     28.8008      0.2432       0 0 0   0.00   0.00   0.00  
Au    11.2523      0.0000      0.2432       0 0 0   0.00   0.00   0.00  
Au    12.6588      2.6183      0.2432       0 0 0   0.00   0.00   0.00  
Au    14.0653      0.0000      0.2432       0 0 0   0.00   0.00   0.00  
Au    15.4719      2.6183      0.2432       0 0 0   0.00   0.00   0.00  
Au    14.0653      5.2365      0.2432       0 0 0   0.00   0.00   0.00  
Au    15.4719      7.8548      0.2432       0 0 0   0.00   0.00   0.00  
Au     0.0000      5.2365      0.2432       0 0 0   0.00   0.00   0.00  
Au     1.4065      7.8548      0.2432       0 0 0   0.00   0.00   0.00  
Au     0.0000     10.4730      0.2432       0 0 0   0.00   0.00   0.00  
Au     1.4065     13.0913      0.2432       0 0 0   0.00   0.00   0.00  
Au     2.8131     10.4730      0.2432       0 0 0   0.00   0.00   0.00  
Au     4.2196     13.0913      0.2432       0 0 0   0.00   0.00   0.00  
Au     2.8131     15.7095      0.2432       0 0 0   0.00   0.00   0.00  
Au     4.2196     18.3278      0.2432       0 0 0   0.00   0.00   0.00  
Au     5.6261     15.7095      0.2432       0 0 0   0.00   0.00   0.00  
Au     7.0327     18.3278      0.2432       0 0 0   0.00   0.00   0.00  
Au     5.6261     20.9460      0.2432       0 0 0   0.00   0.00   0.00  
Au     7.0327     23.5643      0.2432       0 0 0   0.00   0.00   0.00  
Au     8.4392     20.9460      0.2432       0 0 0   0.00   0.00   0.00  
Au     9.8457     23.5643      0.2432       0 0 0   0.00   0.00   0.00  
Au     8.4392     26.1826      0.2432       0 0 0   0.00   0.00   0.00  
Au     9.8457     28.8008      0.2432       0 0 0   0.00   0.00   0.00  
Au    11.2523     26.1826      0.2432       0 0 0   0.00   0.00   0.00  
Au    12.6588     28.8008      0.2432       0 0 0   0.00   0.00   0.00  
Au     5.6261      3.4910      2.7117       0 0 0   0.00   0.00   0.00  
Au     4.2196      0.8728      2.7117       0 0 0   0.00   0.00   0.00  
Au     2.8131      3.4910      2.7117       0 0 0   0.00   0.00   0.00  
Au     1.4065      0.8728      2.7117       0 0 0   0.00   0.00   0.00  
Au     8.4392      8.7275      2.7117       0 0 0   0.00   0.00   0.00  
Au     7.0327      6.1093      2.7117       0 0 0   0.00   0.00   0.00  
Au     5.6261      8.7275      2.7117       0 0 0   0.00   0.00   0.00  
Au     4.2196      6.1093      2.7117       0 0 0   0.00   0.00   0.00  
Au    11.2523     13.9640      2.7117       0 0 0   0.00   0.00   0.00  
Au     9.8457     11.3458      2.7117       0 0 0   0.00   0.00   0.00  
Au     8.4392     13.9640      2.7117       0 0 0   0.00   0.00   0.00  
Au     7.0327     11.3458      2.7117       0 0 0   0.00   0.00   0.00  
Au    14.0653     19.2005      2.7117       0 0 0   0.00   0.00   0.00  
Au    12.6588     16.5823      2.7117       0 0 0   0.00   0.00   0.00  
Au    11.2523     19.2005      2.7117       0 0 0   0.00   0.00   0.00  
Au     9.8457     16.5823      2.7117       0 0 0   0.00   0.00   0.00  
Au     0.0000     24.4371      2.7117       0 0 0   0.00   0.00   0.00  
Au    15.4719     21.8188      2.7117       0 0 0   0.00   0.00   0.00  
Au    14.0653     24.4371      2.7117       0 0 0   0.00   0.00   0.00  
Au    12.6588     21.8188      2.7117       0 0 0   0.00   0.00   0.00  
Au     2.8131     29.6736      2.7117       0 0 0   0.00   0.00   0.00  
Au     1.4065     27.0553      2.7117       0 0 0   0.00   0.00   0.00  
Au     0.0000     29.6736      2.7117       0 0 0   0.00   0.00   0.00  
Au    15.4719     27.0553      2.7117       0 0 0   0.00   0.00   0.00  
Au    11.2523      3.4910      2.7117       0 0 0   0.00   0.00   0.00  
Au     9.8457      0.8728      2.7117       0 0 0   0.00   0.00   0.00  
Au     8.4392      3.4910      2.7117       0 0 0   0.00   0.00   0.00  
Au     7.0327      0.8728      2.7117       0 0 0   0.00   0.00   0.00  
Au    14.0653      8.7275      2.7117       0 0 0   0.00   0.00   0.00  
Au    12.6588      6.1093      2.7117       0 0 0   0.00   0.00   0.00  
Au    11.2523      8.7275      2.7117       0 0 0   0.00   0.00   0.00  
Au     9.8457      6.1093      2.7117       0 0 0   0.00   0.00   0.00  
Au     0.0000     13.9640      2.7117       0 0 0   0.00   0.00   0.00  
Au    15.4719     11.3458      2.7117       0 0 0   0.00   0.00   0.00  
Au    14.0653     13.9640      2.7117       0 0 0   0.00   0.00   0.00  
Au    12.6588     11.3458      2.7117       0 0 0   0.00   0.00   0.00  
Au     2.8131     19.2005      2.7117       0 0 0   0.00   0.00   0.00  
Au     1.4065     16.5823      2.7117       0 0 0   0.00   0.00   0.00  
Au     0.0000     19.2005      2.7117       0 0 0   0.00   0.00   0.00  
Au    15.4719     16.5823      2.7117       0 0 0   0.00   0.00   0.00  
Au     5.6261     24.4371      2.7117       0 0 0   0.00   0.00   0.00  
Au     4.2196     21.8188      2.7117       0 0 0   0.00   0.00   0.00  
Au     2.8131     24.4371      2.7117       0 0 0   0.00   0.00   0.00  
Au     1.4065     21.8188      2.7117       0 0 0   0.00   0.00   0.00  
Au     8.4392     29.6736      2.7117       0 0 0   0.00   0.00   0.00  
Au     7.0327     27.0553      2.7117       0 0 0   0.00   0.00   0.00  
Au     5.6261     29.6736      2.7117       0 0 0   0.00   0.00   0.00  
Au     4.2196     27.0553      2.7117       0 0 0   0.00   0.00   0.00  
Au     0.0000      3.4910      2.7117       0 0 0   0.00   0.00   0.00  
Au    15.4719      0.8728      2.7117       0 0 0   0.00   0.00   0.00  
Au    14.0653      3.4910      2.7117       0 0 0   0.00   0.00   0.00  
Au    12.6588      0.8728      2.7117       0 0 0   0.00   0.00   0.00  
Au     2.8131      8.7275      2.7117       0 0 0   0.00   0.00   0.00  
Au     1.4065      6.1093      2.7117       0 0 0   0.00   0.00   0.00  
Au     0.0000      8.7275      2.7117       0 0 0   0.00   0.00   0.00  
Au    15.4719      6.1093      2.7117       0 0 0   0.00   0.00   0.00  
Au     5.6261     13.9640      2.7117       0 0 0   0.00   0.00   0.00  
Au     4.2196     11.3458      2.7117       0 0 0   0.00   0.00   0.00  
Au     2.8131     13.9640      2.7117       0 0 0   0.00   0.00   0.00  
Au     1.4065     11.3458      2.7117       0 0 0   0.00   0.00   0.00  
Au     8.4392     19.2005      2.7117       0 0 0   0.00   0.00   0.00  
Au     7.0327     16.5823      2.7117       0 0 0   0.00   0.00   0.00  
Au     5.6261     19.2005      2.7117       0 0 0   0.00   0.00   0.00  
Au     4.2196     16.5823      2.7117       0 0 0   0.00   0.00   0.00  
Au    11.2523     24.4371      2.7117       0 0 0   0.00   0.00   0.00  
Au     9.8457     21.8188      2.7117       0 0 0   0.00   0.00   0.00  
Au     8.4392     24.4371      2.7117       0 0 0   0.00   0.00   0.00  
Au     7.0327     21.8188      2.7117       0 0 0   0.00   0.00   0.00  
Au    14.0653     29.6736      2.7117       0 0 0   0.00   0.00   0.00  
Au    12.6588     27.0553      2.7117       0 0 0   0.00   0.00   0.00  
Au    11.2523     29.6736      2.7117       0 0 0   0.00   0.00   0.00  
Au     9.8457     27.0553      2.7117       0 0 0   0.00   0.00   0.00  
Au     2.8131      1.7455      5.1802       0 0 0   0.00   0.00   0.00  
Au     4.2196      4.3638      5.1802       0 0 0   0.00   0.00   0.00  
Au     5.6261      1.7455      5.1802       0 0 0   0.00   0.00   0.00  
Au     7.0327      4.3638      5.1802       0 0 0   0.00   0.00   0.00  
Au     5.6261      6.9820      5.1802       0 0 0   0.00   0.00   0.00  
Au     7.0327      9.6003      5.1802       0 0 0   0.00   0.00   0.00  
Au     8.4392      6.9820      5.1802       0 0 0   0.00   0.00   0.00  
Au     9.8457      9.6003      5.1802       0 0 0   0.00   0.00   0.00  
Au     8.4392     12.2185      5.1802       0 0 0   0.00   0.00   0.00  
Au     9.8457     14.8368      5.1802       0 0 0   0.00   0.00   0.00  
Au    11.2523     12.2185      5.1802       0 0 0   0.00   0.00   0.00  
Au    12.6588     14.8368      5.1802       0 0 0   0.00   0.00   0.00  
Au    11.2523     17.4550      5.1802       0 0 0   0.00   0.00   0.00  
Au    12.6588     20.0733      5.1802       0 0 0   0.00   0.00   0.00  
Au    14.0653     17.4550      5.1802       0 0 0   0.00   0.00   0.00  
Au    15.4719     20.0733      5.1802       0 0 0   0.00   0.00   0.00  
Au    14.0653     22.6915      5.1802       0 0 0   0.00   0.00   0.00  
Au    15.4719     25.3098      5.1802       0 0 0   0.00   0.00   0.00  
Au     0.0000     22.6915      5.1802       0 0 0   0.00   0.00   0.00  
Au     1.4065     25.3098      5.1802       0 0 0   0.00   0.00   0.00  
Au     0.0000     27.9281      5.1802       0 0 0   0.00   0.00   0.00  
Au     1.4065     30.5463      5.1802       0 0 0   0.00   0.00   0.00  
Au     2.8131     27.9281      5.1802       0 0 0   0.00   0.00   0.00  
Au     4.2196     30.5463      5.1802       0 0 0   0.00   0.00   0.00  
Au     8.4392      1.7455      5.1802       0 0 0   0.00   0.00   0.00  
Au     9.8457      4.3638      5.1802       0 0 0   0.00   0.00   0.00  
Au    11.2523      1.7455      5.1802       0 0 0   0.00   0.00   0.00  
Au    12.6588      4.3638      5.1802       0 0 0   0.00   0.00   0.00  
Au    11.2523      6.9820      5.1802       0 0 0   0.00   0.00   0.00  
Au    12.6588      9.6003      5.1802       0 0 0   0.00   0.00   0.00  
Au    14.0653      6.9820      5.1802       0 0 0   0.00   0.00   0.00  
Au    15.4719      9.6003      5.1802       0 0 0   0.00   0.00   0.00  
Au    14.0653     12.2185      5.1802       0 0 0   0.00   0.00   0.00  
Au    15.4719     14.8368      5.1802       0 0 0   0.00   0.00   0.00  
Au     0.0000     12.2185      5.1802       0 0 0   0.00   0.00   0.00  
Au     1.4065     14.8368      5.1802       0 0 0   0.00   0.00   0.00  
Au     0.0000     17.4550      5.1802       0 0 0   0.00   0.00   0.00  
Au     1.4065     20.0733      5.1802       0 0 0   0.00   0.00   0.00  
Au     2.8131     17.4550      5.1802       0 0 0   0.00   0.00   0.00  
Au     4.2196     20.0733      5.1802       0 0 0   0.00   0.00   0.00  
Au     2.8131     22.6915      5.1802       0 0 0   0.00   0.00   0.00  
Au     4.2196     25.3098      5.1802       0 0 0   0.00   0.00   0.00  
Au     5.6261     22.6915      5.1802       0 0 0   0.00   0.00   0.00  
Au     7.0327     25.3098      5.1802       0 0 0   0.00   0.00   0.00  
Au     5.6261     27.9281      5.1802       0 0 0   0.00   0.00   0.00  
Au     7.0327     30.5463      5.1802       0 0 0   0.00   0.00   0.00  
Au     8.4392     27.9281      5.1802       0 0 0   0.00   0.00   0.00  
Au     9.8457     30.5463      5.1802       0 0 0   0.00   0.00   0.00  
Au    14.0653      1.7455      5.1802       0 0 0   0.00   0.00   0.00  
Au    15.4719      4.3638      5.1802       0 0 0   0.00   0.00   0.00  
Au     0.0000      1.7455      5.1802       0 0 0   0.00   0.00   0.00  
Au     1.4065      4.3638      5.1802       0 0 0   0.00   0.00   0.00  
Au     0.0000      6.9820      5.1802       0 0 0   0.00   0.00   0.00  
Au     1.4065      9.6003      5.1802       0 0 0   0.00   0.00   0.00  
Au     2.8131      6.9820      5.1802       0 0 0   0.00   0.00   0.00  
Au     4.2196      9.6003      5.1802       0 0 0   0.00   0.00   0.00  
Au     2.8131     12.2185      5.1802       0 0 0   0.00   0.00   0.00  
Au     4.2196     14.8368      5.1802       0 0 0   0.00   0.00   0.00  
Au     5.6261     12.2185      5.1802       0 0 0   0.00   0.00   0.00  
Au     7.0327     14.8368      5.1802       0 0 0   0.00   0.00   0.00  
Au     5.6261     17.4550      5.1802       0 0 0   0.00   0.00   0.00  
Au     7.0327     20.0733      5.1802       0 0 0   0.00   0.00   0.00  
Au     8.4392     17.4550      5.1802       0 0 0   0.00   0.00   0.00  
Au     9.8457     20.0733      5.1802       0 0 0   0.00   0.00   0.00  
Au     8.4392     22.6915      5.1802       0 0 0   0.00   0.00   0.00  
Au     9.8457     25.3098      5.1802       0 0 0   0.00   0.00   0.00  
Au    11.2523     22.6915      5.1802       0 0 0   0.00   0.00   0.00  
Au    12.6588     25.3098      5.1802       0 0 0   0.00   0.00   0.00  
Au    11.2523     27.9281      5.1802       0 0 0   0.00   0.00   0.00  
Au    12.6588     30.5463      5.1802       0 0 0   0.00   0.00   0.00  
Au    14.0653     27.9281      5.1802       0 0 0   0.00   0.00   0.00  
Au    15.4719     30.5463      5.1802       0 0 0   0.00   0.00   0.00  
Au     5.6279      0.0115      7.7282       1 1 1   0.00   0.00   0.00  
Au     7.0344      2.6293      7.7159       1 1 1   0.00   0.00   0.00  
Au     5.6341      5.2274      7.7382       1 1 1   0.00   0.00   0.00  
Au     4.2251      2.6049      7.7271       1 1 1   0.00   0.00   0.00  
Au     8.4421      5.2484      7.7302       1 1 1   0.00   0.00   0.00  
Au     9.8502      7.8580      7.7227       1 1 1   0.00   0.00   0.00  
Au     8.4646     10.4789      7.7442       1 1 1   0.00   0.00   0.00  
Au     7.0444      7.8532      7.7323       1 1 1   0.00   0.00   0.00  
Au    11.2440     10.4714      7.7398       1 1 1   0.00   0.00   0.00  
Au    12.6323     13.0877      7.7047       1 1 1   0.00   0.00   0.00  
Au    11.2374     15.7127      7.7482       1 1 1   0.00   0.00   0.00  
Au     9.8452     13.0948      7.7317       1 1 1   0.00   0.00   0.00  
Au    14.0231     15.7278      7.6436       1 1 1   0.00   0.00   0.00  
Au    15.3957     18.3233      7.5222       1 1 1   0.00   0.00   0.00  
Au    14.0174     20.9512      7.6187       1 1 1   0.00   0.00   0.00  
Au    12.6097     18.3355      7.7442       1 1 1   0.00   0.00   0.00  
Au     0.0285     20.9913      7.6166       1 1 1   0.00   0.00   0.00  
Au     1.4551     23.6440      7.7083       1 1 1   0.00   0.00   0.00  
Au     0.0402     26.2859      7.6204       1 1 1   0.00   0.00   0.00  
Au    15.5443     23.5075      7.4569       1 1 1   0.00   0.00   0.00  
Au     2.8367     26.2360      7.7324       1 1 1   0.00   0.00   0.00  
Au     4.2259     28.8256      7.7199       1 1 1   0.00   0.00   0.00  
Au     2.8177      0.0168      7.7282       1 1 1   0.00   0.00   0.00  
Au     1.4177     28.8586      7.7327       1 1 1   0.00   0.00   0.00  
Au    11.2474      0.0343      7.7194       1 1 1   0.00   0.00   0.00  
Au    12.6538      2.6353      7.7219       1 1 1   0.00   0.00   0.00  
Au    11.2508      5.2469      7.7265       1 1 1   0.00   0.00   0.00  
Au     9.8445      2.6380      7.7187       1 1 1   0.00   0.00   0.00  
Au    14.0603      5.2310      7.7284       1 1 1   0.00   0.00   0.00  
Au    15.4753      7.8159      7.7117       1 1 1   0.00   0.00   0.00  
Au    14.0188     10.4314      7.7492       1 1 1   0.00   0.00   0.00  
Au    12.6593      7.8423      7.7292       1 1 1   0.00   0.00   0.00  
Au    16.8086     10.4703      7.5446       1 1 1   0.00   0.00   0.00  
Au     1.4406     13.0763      7.5840       1 1 1   0.00   0.00   0.00  
Au     0.0262     15.8499      7.4586       1 1 1   0.00   0.00   0.00  
Au    15.4364     13.0262      7.5900       1 1 1   0.00   0.00   0.00  
Au     2.8927     15.7757      7.6315       1 1 1   0.00   0.00   0.00  
Au     4.2852     18.3761      7.7419       1 1 1   0.00   0.00   0.00  
Au     2.8842     21.0284      7.6136       1 1 1   0.00   0.00   0.00  
Au     1.5084     18.3459      7.5306       1 1 1   0.00   0.00   0.00  
Au     5.6638     20.9776      7.7411       1 1 1   0.00   0.00   0.00  
Au     7.0386     23.5805      7.7312       1 1 1   0.00   0.00   0.00  
Au     5.6316     26.2062      7.7207       1 1 1   0.00   0.00   0.00  
Au     4.2489     23.6118      7.7417       1 1 1   0.00   0.00   0.00  
Au     8.4240     26.2055      7.7323       1 1 1   0.00   0.00   0.00  
Au     9.8323     28.8277      7.7231       1 1 1   0.00   0.00   0.00  
Au     8.4372      0.0173      7.7194       1 1 1   0.00   0.00   0.00  
Au     7.0298     28.8212      7.7225       1 1 1   0.00   0.00   0.00  
Au     0.0012      0.0277      7.7310       1 1 1   0.00   0.00   0.00  
Au     1.4051      2.6004      7.7309       1 1 1   0.00   0.00   0.00  
Au    16.8672      5.1751      7.7539       1 1 1   0.00   0.00   0.00  
Au    15.4671      2.6169      7.7305       1 1 1   0.00   0.00   0.00  
Au     2.8266      5.1645      7.7492       1 1 1   0.00   0.00   0.00  
Au     4.2430      7.8150      7.6903       1 1 1   0.00   0.00   0.00  
Au     2.9125     10.4747      7.5168       1 1 1   0.00   0.00   0.00  
Au     1.4219      7.6895      7.5670       1 1 1   0.00   0.00   0.00  
Au     5.6911     10.4842      7.7202       1 1 1   0.00   0.00   0.00  
Au     7.0583     13.1018      7.7361       1 1 1   0.00   0.00   0.00  
Au     5.6718     15.7379      7.7434       1 1 1   0.00   0.00   0.00  
Au     4.2663     13.1351      7.6874       1 1 1   0.00   0.00   0.00  
Au     8.4531     15.7170      7.7184       1 1 1   0.00   0.00   0.00  
Au     9.8384     18.3386      7.7315       1 1 1   0.00   0.00   0.00  
Au     8.4438     20.9636      7.7398       1 1 1   0.00   0.00   0.00  
Au     7.0605     18.3460      7.7276       1 1 1   0.00   0.00   0.00  
Au    11.2277     20.9568      7.7368       1 1 1   0.00   0.00   0.00  
Au    12.6127     23.6042      7.5856       1 1 1   0.00   0.00   0.00  
Au    11.2138     26.2339      7.7115       1 1 1   0.00   0.00   0.00  
Au     9.8238     23.5849      7.7258       1 1 1   0.00   0.00   0.00  
Au    14.0074     26.3385      7.5662       1 1 1   0.00   0.00   0.00  
Au    15.4757     28.8736      7.7319       1 1 1   0.00   0.00   0.00  
Au    14.0645      0.0381      7.7245       1 1 1   0.00   0.00   0.00  
Au    12.6386     28.8839      7.7374       1 1 1   0.00   0.00   0.00  
"  
