description="Au_polymer.xyz"  
#******** REAL SPACE GRID ********   
wavefunction_grid="104 192 160"  
potential_grid_refinement="2"  
  
#******* CONTROL OPTIONS *******  
start_mode          ="LCAO Start"  
start_mode          ="Restart From File"  
STM_bias = "-1.0  -0.5  0.5  1.0"
STM_height = "1.5  4.0"
calculation_mode    ="Relax Structure"  
calculation_mode    ="Quench Electrons  "  
calculation_mode    ="STM"
exchange_correlation_type = "vdw-df"

#kohn_sham_solver    ="multigrid"  
kohn_sham_solver    ="davidson"  
subdiag_driver      ="auto"  
#auto: if cuda available, use cusolver, otherwise use lapack for n<128 and scaplack for large system  
unoccupied_states_per_kpoint = "100"
charge_mixing_type = "Broyden"
charge_broyden_scale = "0.10000000"
charge_density_mixing = "0.10000000"
max_scf_steps = "40"
max_md_steps = "20"


#pseudopotential = "
#Au ../Au.pbe-mt_fhi.UPF 
#C ../C.pbe-mt_fhi.UPF 
#H ../H.pbe-mt_fhi.UPF 
#F ../F.pbe-mt_fhi.UPF 
#"



  
#********* K POINT SETUP *********  
kpoint_mesh = "1 1 1"  
kpoint_shift = "0 0 0"  
  
#use Optimized Norm-Conserving Vanderbilt (ONCV) pseudopotenitals  
#those pseudopotentials are built in with RMG  
write_pseudopotential_plots ="False"  
  
#*****Exchange Correlation ******  
exchange_correlaton_type="AUTO_XC"  
#AUTO_XC: XC will be determined from pseudopotential  
  
#****  LATTICE and ATOMS  ****   
bravais_lattice_type="None"  
crds_units = "Angstrom"  
lattice_units = "Angstrom"  
lattice_vector="  
 1.687840489000e+01  0.000000000000e+00  0.000000000000e+00   
 0.000000000000e+00  3.141906580000e+01  0.000000000000e+00   
 0.000000000000e+00  0.000000000000e+00  2.649608373000e+01   
"  
atomic_coordinate_type = "Absolute"  
atoms="  
C   0.74121849      17.00637996      13.05356361    1 1 1   0.00   0.00   0.00  
C   1.49930735      18.18858350      13.06641636    1 1 1   0.00   0.00   0.00  
C   2.84611732      18.16078996      12.80973874    1 1 1   0.00   0.00   0.00  
C   3.51896868      16.97006132      12.50063180    1 1 1   0.00   0.00   0.00  
C   2.81147740      15.74807616      12.57270327    1 1 1   0.00   0.00   0.00  
C   1.44521461      15.81612663      12.89774199    1 1 1   0.00   0.00   0.00  
C   4.91891257      16.97243008      12.14974670   1 1 1   0.00   0.00   0.00  
C   5.57515778      18.14748946      11.75285691   1 1 1   0.00   0.00   0.00  
C   6.92850959      18.18085471      11.53136570   1 1 1   0.00   0.00   0.00  
C   7.69524711      17.01479149      11.66515128   1 1 1   0.00   0.00   0.00  
C   7.02128284      15.83029720      11.92706489   1 1 1   0.00   0.00   0.00  
C   5.64794512      15.76305743      12.21155600   1 1 1   0.00   0.00   0.00  
C   4.94036657      14.49433181      12.46470269   1 1 1   0.00   0.00   0.00  
C   3.53053353      14.47433919      12.35745074    1 1 1   0.00   0.00   0.00  
C   5.59640873      13.26162277      12.74523402   1 1 1   0.00   0.00   0.00  
C   4.93698397      12.03733331      12.59274564   1 1 1   0.00   0.00   0.00  
C   3.59549821      12.01204765      12.16410904    1 1 1   0.00   0.00   0.00  
C   2.89649354      13.22362400      12.06805188    1 1 1   0.00   0.00   0.00  
C   6.94743905      13.25924672      13.35778413   1 1 1   0.00   0.00   0.00  
C   8.01091416      12.55819070      12.80615299   1 1 1   0.00   0.00   0.00  
C   9.25662761      12.48864229      13.40467075   1 1 1   0.00   0.00   0.00  
C   9.45651036      13.17139280      14.60221439   1 1 1   0.00   0.00   0.00  
C   8.41970905      13.90602569      15.17481867   1 1 1   0.00   0.00   0.00  
C   7.17933827      13.94101032      14.55829222   1 1 1   0.00   0.00   0.00  
C   5.60856160      10.73500956      12.88784151   1 1 1   0.00   0.00   0.00  
C   5.88037231      10.38474101      14.20921876   1 1 1   0.00   0.00   0.00  
C   6.42026234       9.14462926      14.51501882   1 1 1   0.00   0.00   0.00  
C   6.70551721       8.23575850      13.50144299   1 1 1   0.00   0.00   0.00  
C   6.44678929       8.57826667      12.17939522   1 1 1   0.00   0.00   0.00  
C   5.89857028       9.81483468      11.87696734   1 1 1   0.00   0.00   0.00  
C   2.92731001      10.70988725      11.85124801    1 1 1   0.00   0.00   0.00  
C   2.85262858       9.65031223      12.76307750    1 1 1   0.00   0.00   0.00  
C   2.19422783       8.46288275      12.46656979    1 1 1   0.00   0.00   0.00  
C   1.52193480       8.32803702      11.26219421    1 1 1   0.00   0.00   0.00  
C   1.54713532       9.39197193      10.38586805    1 1 1   0.00   0.00   0.00  
C   2.26548998      10.54180889      10.64460046    1 1 1   0.00   0.00   0.00  
C   1.51899988      13.23611163      11.53896574    1 1 1   0.00   0.00   0.00  
C   1.19988890      14.17258939      10.56425335    1 1 1   0.00   0.00   0.00  
C  16.76824062      14.47175717      10.26408690    1 1 1   0.00   0.00   0.00  
C  15.75684336      13.62330128      10.69672450   1 1 1   0.00   0.00   0.00  
C  16.06430287      12.53775939      11.50054304   1 1 1   0.00   0.00   0.00  
C   0.47769522      12.40422893      11.97931996    1 1 1   0.00   0.00   0.00  
C  15.37196784      15.84361796      13.02382100   1 1 1   0.00   0.00   0.00  
C  14.02811312      15.87262977      12.74946199   1 1 1   0.00   0.00   0.00  
C  15.42575302      18.21892910      12.89740342   1 1 1   0.00   0.00   0.00  
C  16.12897025      17.02677878      13.04309426   1 1 1   0.00   0.00   0.00  
C  14.06419479      18.28758875      12.55489551   1 1 1   0.00   0.00   0.00  
C  13.34749365      19.56304572      12.36015039   1 1 1   0.00   0.00   0.00  
C  11.93759657      19.54770890      12.46866199   1 1 1   0.00   0.00   0.00  
C  13.98477971      20.81542691      12.08569369   1 1 1   0.00   0.00   0.00  
C  13.29209903      22.01638712      12.22611345   1 1 1   0.00   0.00   0.00  
C  11.95714559      21.99640905      12.65998297   1 1 1   0.00   0.00   0.00  
C  11.28405493      20.77666755      12.77919772   1 1 1   0.00   0.00   0.00  
C  15.35215636      20.82843477      11.53908777   1 1 1   0.00   0.00   0.00  
C  15.67986509      19.88929297      10.57536776   1 1 1   0.00   0.00   0.00  
C   0.11158745      19.61712967      10.25403233   1 1 1   0.00   0.00   0.00  
C   1.11927899      20.46905516      10.69936055    1 1 1   0.00   0.00   0.00  
C   0.79923185      21.55727623      11.48946843    1 1 1   0.00   0.00   0.00  
C  16.38216430      21.68400131      11.96197364   1 1 1   0.00   0.00   0.00  
C   9.93757877      20.77772172      13.40277153   1 1 1   0.00   0.00   0.00  
C   9.71340071      20.03396165      14.56947436   1 1 1   0.00   0.00   0.00  
C   8.48448445      20.04697057      15.20445930   1 1 1   0.00   0.00   0.00  
C   7.44460936      20.81842141      14.68739701   1 1 1   0.00   0.00   0.00  
C   7.63827264      21.57172683      13.53219156   1 1 1   0.00   0.00   0.00  
C   8.87743530      21.53452929      12.91490849   1 1 1   0.00   0.00   0.00  
C  13.93732629      23.32926119      11.92037419   1 1 1   0.00   0.00   0.00  
C  14.25434851      23.62959633      10.60775223   1 1 1   0.00   0.00   0.00  
C  14.88080983      24.82055177      10.29928273   1 1 1   0.00   0.00   0.00  
C  15.20973054      25.75178491      11.26343259   1 1 1   0.00   0.00   0.00  
C  14.87597755      25.47564099      12.57544758   1 1 1   0.00   0.00   0.00  
C  14.25129902      24.27512745      12.90394357   1 1 1   0.00   0.00   0.00  
C  11.32671771      23.30408157      13.00443455   1 1 1   0.00   0.00   0.00  
C  11.06865883      23.61544646      14.34057869   1 1 1   0.00   0.00   0.00  
C  10.52203550      24.84258252      14.68542382   1 1 1   0.00   0.00   0.00  
C  10.22257969      25.77829134      13.70158186   1 1 1   0.00   0.00   0.00  
C  10.48685883      25.48502081      12.37127348   1 1 1   0.00   0.00   0.00  
C  11.03952066      24.26063736      12.02881002   1 1 1   0.00   0.00   0.00  
C  13.35777381      17.06789139      12.45488656   1 1 1   0.00   0.00   0.00  
C  11.95910010      17.07685337      12.09853502   1 1 1   0.00   0.00   0.00  
C  11.23004157      18.28383059      12.19518782   1 1 1   0.00   0.00   0.00  
C  11.30123255      15.91111189      11.67586076   1 1 1   0.00   0.00   0.00  
C   9.94347137      15.88120699      11.47729365   1 1 1   0.00   0.00   0.00  
C   9.85435272      18.22346832      11.92298462   1 1 1   0.00   0.00   0.00  
C   9.17702235      17.04284740      11.64967862   1 1 1   0.00   0.00   0.00  
H   1.04416915      19.13532115      13.26569151    1 1 1   0.00   0.00   0.00  
H   3.38996459      19.08494816      12.84070126    1 1 1   0.00   0.00   0.00  
H   0.90791438      14.90413013      12.99642202    1 1 1   0.00   0.00   0.00  
H   5.01423476      19.04853158      11.60222234   1 1 1   0.00   0.00   0.00  
H   7.38269311      19.10472059      11.23961153   1 1 1   0.00   0.00   0.00  
H   7.58960994      14.93428068      11.93959781   1 1 1   0.00   0.00   0.00  
F   7.80324505      11.94812333      11.59066342   1 1 1   0.00   0.00   0.00  
H  10.04474002      11.92584741      12.93951845   1 1 1   0.00   0.00   0.00  
H  10.41949603      13.13330005      15.08042730   1 1 1   0.00   0.00   0.00  
H   8.57598000      14.44454504      16.09304591   1 1 1   0.00   0.00   0.00  
H   6.37317659      14.50672688      14.99019188   1 1 1   0.00   0.00   0.00  
H   5.64538057      11.08176634      14.99158446   1 1 1   0.00   0.00   0.00  
H   6.61290811       8.88998405      15.54124728   1 1 1   0.00   0.00   0.00  
H   7.12661700       7.27435343      13.73846914   1 1 1   0.00   0.00   0.00  
H   6.66726607       7.88301599      11.39013053   1 1 1   0.00   0.00   0.00  
H   5.69644208      10.06583852      10.85034453   1 1 1   0.00   0.00   0.00  
H   3.31605682       9.74324767      13.72079003    1 1 1   0.00   0.00   0.00  
H   2.19640793       7.65838660      13.17839778    1 1 1   0.00   0.00   0.00  
H   0.98075459       7.43616147      11.01001745    1 1 1   0.00   0.00   0.00  
H   0.96825828       9.33553082       9.49301087    1 1 1   0.00   0.00   0.00  
H   2.24985618      11.34754369       9.94480569    1 1 1   0.00   0.00   0.00  
F   2.23783090      14.89048297       9.95774327    1 1 1   0.00   0.00   0.00  
H  16.52106554      15.38400625       9.75940292    1 1 1   0.00   0.00   0.00  
H  14.74239110      13.85022069      10.44723528   1 1 1   0.00   0.00   0.00  
H  15.30050043      11.84237720      11.79250661   1 1 1   0.00   0.00   0.00  
H   0.68974549      11.64090698      12.69856088    1 1 1   0.00   0.00   0.00  
H  15.82651485      14.89446175      13.21065858   1 1 1   0.00   0.00   0.00  
H  13.48436787      14.94776041      12.75901623   1 1 1   0.00   0.00   0.00  
H  15.95471248      19.13355677      13.01897178   1 1 1   0.00   0.00   0.00  
F  14.65054126      19.15139956       9.96393559   1 1 1   0.00   0.00   0.00  
H   0.35365439      18.71957732       9.72940789    1 1 1   0.00   0.00   0.00  
H   2.13349672      20.26670206      10.42366838    1 1 1   0.00   0.00   0.00  
H   1.55519537      22.26496786      11.77378862    1 1 1   0.00   0.00   0.00  
H  16.16539335      22.45112127      12.67511908   1 1 1   0.00   0.00   0.00  
H  10.51947159      19.44060982      14.96308204   1 1 1   0.00   0.00   0.00  
H   8.33760798      19.46509341      16.09739649   1 1 1   0.00   0.00   0.00  
H   6.48745205      20.82907496      15.17752308   1 1 1   0.00   0.00   0.00  
H   6.84967450      22.16678859      13.10992921   1 1 1   0.00   0.00   0.00  
F   9.07584900      22.24978297      11.75557948   1 1 1   0.00   0.00   0.00  
H  14.01964427      22.92204387       9.83914375   1 1 1   0.00   0.00   0.00  
H  15.11997534      25.04014393       9.28262015   1 1 1   0.00   0.00   0.00  
H  15.69932240      26.66756281      10.99379712   1 1 1   0.00   0.00   0.00  
H  15.09785458      26.19008322      13.34897619   1 1 1   0.00   0.00   0.00  
H  14.00120029      24.07740941      13.93111121   1 1 1   0.00   0.00   0.00  
H  11.30616114      22.89843258      15.10568085   1 1 1   0.00   0.00   0.00  
H  10.33341322      25.06327986      15.72185211   1 1 1   0.00   0.00   0.00  
H   9.78866804      26.72664441      13.96712399   1 1 1   0.00   0.00   0.00  
H  10.25891240      26.20185694      11.60370615   1 1 1   0.00   0.00   0.00  
H  11.23624337      24.03998320      10.99934093   1 1 1   0.00   0.00   0.00  
H  11.86110234      15.01524815      11.49685717   1 1 1   0.00   0.00   0.00  
H   9.48974559      14.96257561      11.16849009   1 1 1   0.00   0.00   0.00  
H   9.28783371      19.12093363      11.95965061   1 1 1   0.00   0.00   0.00  
"
